-752508
748673
-960085
679472
-730199
518064
-670687
286381
-360735
392191
-126277
779752
-529245
984433
-741329
447557
-836456
506199
-591623
765065
-769921
407150
-826133
393713
-531602
560187
-536547
157726
-212318
169562
-465611
191073
-387479
147978
-170191
246310
-102949
340256
-718361
254463
-367591
615821
-651225
585558
-896205
218955
-289421
730645
-153218
655278
-485875
698780
-146275
180440
-357717
428332
-738553
829697
-353170
669906
-222559
172285
-768860
182390
-479229
407606
-572661
548298
-723017
589722
-463443
740907
-404839
216875
-124645
344819
-697149
339588
-617966
504525
-693362
702941
-239522
895814
-526741
703659
-341839
353869
-771120
969975
-686634
162604
-110438
466472
-149044
968405
-745252
228357
-295561
667289
-420760
936510
-821208
716728
-555886
867976
-827973
386379
-378775
478788
-556868
861862
-438940
168591
-643780
591316
-443435
616222
-419494
757528
-743973
618840
-113500
369771
-833146
760617
-501939
605115
-629745
929116
-396909
745772
-464183
474942
-963634
556935
-644304
956056
-178256
595308
-222647
217682
-730373
640576
-684114
617763
-341792
218971
-795785
361587
-448388
227508
-995229
491717
-304727
176954
-931766
293683
-299710
448123
-663440
791205
-952290
867318
-279930
425162
-967091
650280
-800598
641019
-354636
923607
-983247
273380
-603064
763321
-186915
819541
-186155
882303
-988533
711537
-118873
790591
-368836
952049
-875214
839306
-438302
729517
-112059
589111
-961437
746129
-110282
605947
-973018
342341
-613503
187824
-786141
602808
-829623
623663
-392569
853715
-928306
826895
-135911
134901
-965102
935799
-327808
949364
-334671
484094
-867046
311608
-649047
504093
-559197
808341
-397510
758578
-662489
255352
-970522
697344
-454123
779718
-942212
845691
-488516
244892
-304515
984980
-721464
232581
-661819
484385
-184713
938473
-813145
195998
-899187
137117
-550508
962981
-135939
426025
-830560
184341
-622696
570653
-868926
129106
-612262
871567
-295368
668672
-152259
302732
-437617
486388
-914062
471781
-244393
298779
-407044
309902
-728726
793639
-648007
108069
-941207
153131
-854289
393451
-145812
910510
-156155
410093
-667247
944348
-485807
813156
-786454
802130
-714100
283962
-836674
148411
-197515
546985
-835665
891081
-928445
424947
-599733
466457
-489018
971133
-886773
159988
-865789
520151
-366383
971773
-395407
217960
-854265
486480
-590925
200585
-267384
214715
-212115
272625
-595688
302848
-287753
288607
-874761
825026
-600283
522755
-219455
800684
-763572
174910
-973750
187101
-537809
340910
-795814
531711
-995165
432218
-626726
212570
-971365
562320
-957739
642640
-248721
381324
-935633
542597
-549170
359044
-561013
493623
-840148
126959
-780346
527373
-474284
974132
-104903
442347
-824002
698401
-570035
351644
-302822
377250
-312870
565784
-972507
434284
-513708
909294
-473074
794601
-938281
256573
-330299
314889
-961766
855967
-139242
617423
-568358
937987
-500907
860136
-716528
502097
-189224
133619
-492255
362404
-873878
665100
-535354
888999
-403415
473485
-276342
982142
-228228
910779
-340094
525016
-499121
388947
-685323
976140
-846690
170232
-430925
510481
-211123
119814
-246055
244412
-308351
297697
-945242
625225
-837705
727485
-724104
709484
-401331
881416
-798494
952732
-807401
799219
-437826
997669
-581571
214779
-220312
993767
-615145
311563
-272842
136240
-103886
375139
-160337
446217
-437222
992387
-330608
613356
-154401
488162
-641011
600961
-252495
119632
-621807
460311
-139659
428903
-793862
125428
-465529
146930
-115902
974441
-119087
895724
-924205
257390
-526962
704970
-121654
520581
-383678
274360
-931824
910291
-201286
349936
-618999
503802
-891275
943148
-280953
257742
-426725
789960
-459675
185538
-191564
483740
-416527
518774
-221755
302233
-195005
832687
-995656
429522
-199041
532886
-715959
279018
-751786
560584
-554192
612701
-380923
912921
-559396
394371
-919375
601440
-780725
404337
-961595
625523
-454795
568628
-676811
360744
-890635
697454
-723835
905428
-567489
789777
-756606
195571
-530847
194660
-442361
597093
-352622
626182
-208355
999701
-276303
126711
-969303
619077
-464537
740480
-176635
237960
-795793
101974
-263327
341769
-650210
477465
-250121
302267
-393122
832208
-214076
256384
-381411
326836
-339830
523471
-452231
691338
-334195
916547
-694042
607653
-220304
968248
-624888
843671
-969752
193202
-572206
416326
-227579
235557
-874001
602685
-265167
446931
-663712
410379
-782943
503844
-951139
285781
-450200
434943
-898473
684086
-560555
760537
-818439
254516
-642645
490527
-494819
367924
-363605
291657
-147260
660831
-650324
619059
-231914
458282
-631146
137140
-404462
599813
-882599
875879
-820094
954241
-971293
659882
-475583
735908
-362573
294085
-217342
553461
-215523
209638
-607358
330449
-752704
717530
-600415
678724
-475695
794479
-219075
187045
-753904
829542
-422300
386055
-454694
442644
-920959
316342
-535128
210207
-930089
785275
-945598
615049
-459595
573968
-863386
529566
-238308
404989
-580866
234862
-489480
937799
-364321
784512
-687604
789442
-551129
607587
-296967
438879
-954088
764593
-207468
399446
-664293
238690
-773550
915442
-809488
275736
-434381
870131
-642517
894959
-448282
346777
-462780
833054
-193357
877919
-535419
718441
-908701
269616
-583849
430970
-134433
583852
-179263
455483
-643351
687202
-532592
986511
-824943
129357
-633802
993544
-137275
442045
-107989
706455
-690495
697462
-643587
188882
-650049
350070
-939607
371537
-479866
334704
-686847
910570
-811308
336414
-580305
708545
-252399
785721
-759689
490518
-219017
973745
-437108
211011
-331662
173611
-763086
356613
-807918
744533
-448999
335418
-702693
547070
-276624
438211
-332524
231213
-598657
477114
-715582
812621
-654845
150224
-467358
551228
-737196
853649
-375020
880611
-677842
673617
-838233
261054
-263241
355012
-781334
325641
-319795
280395
-592931
186724
-903903
541926
-249139
874142
-270521
269835
-882347
130992
-636090
825874
-998104
188994
-334389
994458
-761597
844190
-934367
378022
-416735
703105
-396240
162916
-789045
838859
-623211
770672
-174136
863307
-888654
515035
-996744
263869
-381883
438493
-711573
706139
-666084
833155
-534548
477191
-200079
666430
-920275
837750
-611820
154194
-794464
772592
-515275
169684
-907115
623695
-680288
236363
-325971
402184
-534407
331068
-113258
962882
-777247
865406
-543554
158711
-902885
159070
-638844
918411
-476271
813781
-977983
858722
-107995
425594
-571335
810500
-394426
766469
-673053
714370
-977674
153150
-522954
755725
-425538
569546
-361003
432407
-378077
487329
-458552
415997
-556829
275852
-313879
584872
-642275
809338
-123413
285889
-268315
776367
-799350
850772
-829487
725049
-315491
432483
-686855
164133
-365157
689762
-195703
486016
-738003
576750
-777686
958081
-445237
913055
-292794
366150
-533875
348074
-756832
375136
-394467
695505
-130481
438625
-900478
774888
-340615
821924
-120090
605852
-433316
171897
-279498
676292
-250071
471720
-841251
514987
-956004
677892
-364825
193079
-905196
811699
-782191
700327
-674969
612988
-447519
632349
-381897
677389
-621913
453994
-920796
785688
-810558
726419
-825289
390373
-653606
267526
-340680
510789
-825587
883794
-733691
994052
-857176
795799
-193820
818544
-352311
270739
-910105
888653
-560396
380730
-842412
933720
-180158
653703
-755708
653389
-595646
270564
-977193
731785
-837390
309065
-689332
287740
-974758
454190
-280267
500530
-927467
357696
-449559
599117
-467420
791578
-673956
552613
-367631
996899
-618573
146929
-772124
908031
-651372
556877
-562276
746353
-678209
539176
-878078
705891
-605670
180910
-819550
507605
-874569
628632
-270763
826486
-815552
698802
-570962
978851
-499046
964511
-806677
759345
-582967
997954
-848770
861227
-339472
382416
-773014
873840
-399040
873803
-744367
493932
-990637
316230
-292938
604970
-720093
291253
-801684
413527
-277200
619095
-865047
902794
-688476
524625
-572575
449607
-277641
921441
-609599
998288
-897358
943361
-999685
943132
-433448
418064
-436800
203643
-928434
304192
-829725
914445
-452915
497382
-466021
540415
-756488
464545
-864001
151396
-809460
347812
-443990
946803
-109562
735750
-542546
112789
-149124
258997
-452905
254758
-395285
606989
-572925
353703
-704329
826146
-316861
136722
-952774
326279
-490656
427762
-816351
699924
-393428
743652
-904290
781388
-727607
384961
-491533
643334
-706104
710519
-821273
380914
-982230
666321
-513885
882506
-447956
119566
-360965
277310
-424404
713525
-389596
689818
-406614
544469
-133577
316099
-155073
489260
-921886
754998
-655286
827219
-958488
588205
-946309
810145
-587754
821389
-973415
531230
-924265
861821
-201729
147324
-917167
521492
-967403
766672
-986118
895911
-977719
479087
-871837
150458
-385613
535443
-941477
702879
-160994
783089
-764053
206465
-850133
196191
-214471
729683
-826739
476082
-567631
827137
-429487
688421
-205967
669139
-817149
794981
-974852
336452
-280175
577545
-922558
543352
-139869
534388
-383962
413793
-364365
494900
-652854
862564
-269928
654637
-613354
841172
-187395
946270
-205674
806140
-400223
602726
-402673
705166
-801263
702834
-124118
958536
-428184
253280
-717243
592330
-770123
878812
-707172
513603
-277492
784934
-812079
334525
-187649
972222
-458599
850503
-180804
270707
-956388
532956
-471673
464957
-651953
303531
-840240
283824
-473868
717930
-434013
914416
-695905
849241
-699667
896408
-778439
542460
-306860
845733
-813731
772044
-551111
840223
-617562
561518
-992118
935797
-462876
197531
-468446
872035
-230469
895246
-654827
591528
-517336
494092
-629393
882859
-533021
260888
-759337
864212
-825993
119374
-951866
106747
-774018
272403
-687696
988984
-970363
792541
-742380
641677
-596903
166791
-181158
120249
-747727
726111
-117344
554018
-202158
379766
-859185
657572
-820052
944653
-410381
449220
-248307
758171
-300649
540073
-389080
135032
-709982
324899
-232692
985863
-490405
224120
-894041
945895
-625481
917774
-504090
247566
-392223
562682
-584666
209039
-311687
169904
-269022
519742
-907959
475415
-547077
880775
-481704
680160
-914977
734132
-201244
341971
-632318
979622
-947134
113819
-967486
111785
-441689
324776
-637921
226206
-895674
141807
-888308
224717
-147501
996683
-596997
996831
-173758
835293
-695347
422090
-709301
640617
-587438
950978
-294913
812824
-607203
962807
-822835
139176
-682314
536545
-827259
898891
-978793
516161
-575527
654849
-500725
632757
-115612
955139
-316404
106007
-144521
159956
-905167
734800
-395913
480393
-867087
929616
-637154
890257
-146611
373862
-818014
822039
-237194
141560
-429913
505166
-622655
902360
-203355
768622
-255332
494146
-602312
884710
-985347
556621
-354593
542980
-894049
727451
-537397
439343
-881580
710293
-534313
826766
-701014
795355
-604506
983472
-460450
548832
-943002
435457
-929334
605641
-940719
492499
-514475
253373
-593681
743593
-864998
652942
-250849
283980
-778834
981576
-262995
790784
-841848
380552
-322490
534243
-788956
659512
-445631
689688
-495796
765286
-552194
777935
-659787
308962
-262790
780780
-235960
778892
-332387
517144
-210098
188151
-549685
279883
-973376
941148
-150773
881541
-688962
933210
-860825
302526
-382191
722259
-212319
527636
-200205
957052
-578779
767000
-118468
221674
-149282
311582
-647496
602525
-846350
912494
-593871
254440
-287753
169162
-510234
882336
-219902
934709
-561638
568946
-787882
773928
-233138
535993
-555941
702758
-282696
209902
-476721
681538
-192903
920792
-507980
900710
-717835
689883
-648064
388495
-337439
394617
-364902
313774
-998770
750488
-777063
974682
-419946
790772
-697693
312243
-474438
833070
-405581
463329
-483813
403798
-552187
954930
-942435
445437
-193299
793751
-221749
236372
-353366
696367
-686118
466992
-703748
794912
-579503
715441
-843782
504278
-318985
268324
-543603
953962
-554417
575161
-369977
196088
-535713
249118
-385901
302257
-517520
699235
-495700
381413
-214192
289176
-448383
546754
-917002
217352
-906831
615211
-635781
824871
-589753
413714
-521656
696133
-329658
119400
-138365
617807
-748615
526571
-212993
496290
-131911
128509
-499885
216337
-813077
603591
-843874
799730
-893805
730281
-872397
449746
-191851
175307
-968227
944327
-432081
448357
-519078
486252
-657981
170327
-321932
622376
-117512
946272
-504584
547683
-931400
379861
-953379
490785
-322158
850318
-527715
984363
-659335
566774
-945268
195521
-363081
425546
-992689
626890
-732714
701553
-678223
720645
-280631
752331
-103192
789487
-773911
312330
-897710
838491
-685609
784122
-754524
108770
-232904
537889
-698795
530243
-533121
531232
-280015
986121
-539688
255107
-764228
153775
-428153
844846
-726315
128383
-190729
793177
-221232
525340
-286363
153540
-140465
995088
-385957
246324
-920541
215407
-836387
336051
-652937
560994
-741027
104886
-833285
476611
-335328
216680
-232098
933624
-142435
725111
-486052
608509
-328050
480317
-979149
710841
-797904
499300
-280933
290096
-788315
254532
-437923
781483
-818649
897988
-423147
383228
-626415
696895
-352798
657263
-598602
120176
-243966
428949
-257160
880728
-227145
520150
-134066
274825
-994578
203187
-790761
675102
-877591
718821
-695885
281734
-749786
976792
-380103
324094
-429927
523684
-620691
404610
-957515
752446
-442942
136324
-173256
758569
-970232
456442
-191094
648516
-615329
607516
-511240
976565
-890515
784915
-390908
640978
-380808
478149
-216443
321344
-900018
738569
-215022
329976
-419323
955631
-432432
227561
-124752
580784
-996198
659906
-357763
607099
-620999
806501
-216289
963184
-274182
569796
-399402
918251
-370664
902846
-718418
890171
-216620
744917
-135925
640178
-809292
362663
-106617
238840
-247412
557299
-634764
707372
-694079
631626
-286800
826329
-363048
752727
-407210
286428
-949210
461974
-215984
814050
-825157
730195
-687645
875102
-479208
330867
-176384
404240
-961311
701962
-270139
567041
-170937
323066
-378294
715993
-499200
760701
-652281
883809
-941741
636996
-886154
171435
-753199
727841
-454858
385681
-401552
406495
-437387
607567
-799928
114986
-433416
564375
-858196
702183
-548961
827770
-461936
467063
-151972
692111
-697791
771400
-337319
659960
-629071
731802
-643690
558724
-157989
236680
-114385
404808
-678945
349141
-347111
493401
-395809
331069
-684361
473899
-956453
369601
-134077
300038
-440828
550626
-897676
122494
-943809
786127
-663060
172438
-513454
903541
-180153
629381
-413050
701408
-155257
836423
-940721
180420
-465799
216465
-596026
890845
-453961
581186
-964883
145673
-913849
319297
-825972
180692
-718780
475252
-698721
758912
-470677
358020
-832238
638866
-165507
296424
-998235
181387
-582245
600535
-701879
714159
-934306
732464
-386936
547392
-740350
445439
-797558
790947
-757800
645956
-652340
652916
-303761
944500
-145650
642706
-808719
148155
-537044
341187
-757040
552385
-303309
926202
-162783
578628
-995767
936862
-764648
518428
-453186
654326
-334168
287465
-566465
801160
-176078
737003
-614726
756536
-211494
955614
-689247
932302
-283799
300269
-291598
714174
-243118
414681
-919932
900144
-540769
496226
-888552
565564
-590485
487862
-583191
548857
-390373
665316
-165411
795267
-616282
711182
-621102
213222
-314755
189115
-124695
708892
-369237
281167
-829711
212318
-950782
833611
-269826
190050
-718507
877592
-637344
612875
-187919
130249
